"TOA5","NWC0","CR300","10171","CR310-WIFI.Std.10.03","CPU:NWC0_05A.CR300","59237","NWC0_05A"
"TIMESTAMP","RECORD","TAIR","RELH","SRAD","WSPD","WMAX","WDIR","RAIN","BATV"
"TS","RN","DegC","Percent","W/m2","m/s","m/s","Deg","mm","Volts"
"","","Avg","Avg","Avg","Avg","Max","WVc","Tot","Smp"
"2021-02-01 00:00:00",595,6.904,59.93,0.001,0.172,0.797,245.7,0,12.84
"2021-02-01 00:05:00",596,6.804,60.38,0.001,0.111,0.386,171.3,0,12.84
"2021-02-01 00:10:00",597,6.715,60.86,0.003,0.112,0.526,225.6,0,12.84
"2021-02-01 00:15:00",598,6.654,61.18,0,0.085,0.35,220,0,12.84
"2021-02-01 00:20:00",599,6.594,61.45,0.003,0.182,0.85,261.6,0,12.81
"2021-02-01 00:25:00",600,6.527,61.79,0.001,0.168,0.482,289.1,0,12.83
"2021-02-01 00:30:00",601,6.47,61.99,0.001,0.075,0.394,284.9,0,12.83
"2021-02-01 00:35:00",602,6.357,62.53,0.002,0.073,0.438,270.2,0,12.82
"2021-02-01 00:40:00",603,6.272,62.99,0.002,0.095,0.421,283.2,0,12.82
"2021-02-01 00:45:00",604,6.234,63.21,0.001,0.079,0.333,306.7,0,12.82
"2021-02-01 00:50:00",605,6.233,63.42,0.002,0.127,0.64,306.8,0,12.82
"2021-02-01 00:55:00",606,6.21,63.58,0.002,0.109,0.456,315.1,0,12.81
"2021-02-01 01:00:00",607,6.16,63.86,0.001,0.092,0.368,301,0,12.71
"2021-02-01 01:05:00",608,6.103,64.21,0.002,0.105,0.438,298.3,0,12.81
"2021-02-01 01:10:00",609,6.061,64.45,0.002,0.076,0.377,319.5,0,12.8
"2021-02-01 01:15:00",610,5.975,64.83,0.001,0.094,0.307,292.8,0,12.8
"2021-02-01 01:20:00",611,5.837,65.41,0.003,0.049,0.219,273.1,0,12.8
"2021-02-01 01:25:00",612,5.717,66.04,0.002,0.139,0.578,274.4,0,12.8
"2021-02-01 01:30:00",613,5.646,66.48,0.004,0.078,0.386,285.3,0,12.8
"2021-02-01 01:35:00",614,5.607,66.91,0.002,0.089,0.421,293.9,0,12.79
"2021-02-01 01:40:00",615,5.583,67.12,0.002,0.068,0.228,287,0,12.79
"2021-02-01 01:45:00",616,5.541,67.4,0.004,0.089,0.35,293.6,0,12.78
"2021-02-01 01:50:00",617,5.433,67.96,0.003,0.082,0.307,175.7,0,12.79
"2021-02-01 01:55:00",618,5.349,68.53,0.003,0.165,0.368,175,0,12.78
"2021-02-01 02:00:00",619,5.369,68.69,0,0.127,0.377,166.3,0,12.78
"2021-02-01 02:05:00",620,5.406,68.67,0.001,125.106,0.342,178.7,0,12.78
"2021-02-01 02:10:00",621,5.43,68.63,0.002,0.125,0.368,167.8,0,12.77
"2021-02-01 02:15:00",622,5.402,68.77,0.004,0.144,0.412,162.8,0,12.77
"2021-02-01 02:20:00",623,5.312,69.19,0.002,0.131,0.28,163.7,0,12.69
"2021-02-01 02:25:00",624,5.247,69.42,0.001,0.147,0.447,155,0,12.77
"2021-02-01 02:30:00",625,5.152,69.81,0.002,0.129,0.543,154.3,0,12.76
"2021-02-01 02:35:00",626,5.046,70.34,0.001,0.16,0.438,140.6,0,12.76
"2021-02-01 02:40:00",627,4.999,70.68,0.004,0.159,0.789,149.3,0,12.76
"2021-02-01 02:45:00",628,4.913,71.01,0.003,0.084,0.333,152.1,0,12.76
"2021-02-01 02:50:00",629,4.791,71.46,0.004,0.16,0.429,154,0,12.75
"2021-02-01 02:55:00",630,4.622,72.03,0.002,0.143,0.491,149.9,0,12.73
"2021-02-01 03:00:00",631,4.437,72.8,0.003,0.152,0.456,151.7,0,12.75
"2021-02-01 03:05:00",632,4.253,73.56,0.003,0.074,0.333,150.1,0,12.75
"2021-02-01 03:10:00",633,4.079,74.3,0.001,0.09,0.307,134.9,0,12.75
"2021-02-01 03:15:00",634,3.887,75.02,0.003,0.062,0.237,148.6,0,12.74
"2021-02-01 03:20:00",635,3.7,75.78,0.004,0.124,0.315,141.3,0,12.74
"2021-02-01 03:25:00",636,3.597,76.27,0.003,0.133,0.701,151.4,0,12.74
"2021-02-01 03:30:00",637,3.463,76.91,0.003,0.112,0.429,153.7,0,12.74
"2021-02-01 03:35:00",638,3.303,77.55,0.003,0.073,0.272,162.9,0,12.73
"2021-02-01 03:40:00",639,3.109,78.34,0.002,0.045,0.429,147.3,0,12.75
"2021-02-01 03:45:00",640,2.993,78.92,0.003,0.084,0.359,141,0,12.73
"2021-02-01 03:50:00",641,2.869,79.47,0.002,0.066,0.298,130.5,0,12.72
"2021-02-01 03:55:00",642,2.831,79.64,0.003,0.156,0.394,168.1,0,12.73
"2021-02-01 04:00:00",643,2.736,79.99,0.003,0.091,0.421,128.7,0,12.72
"2021-02-01 04:05:00",644,2.578,80.6,0.003,0.079,0.552,119.7,0,12.72
"2021-02-01 04:10:00",645,2.417,81.3,0.003,0.1,0.254,149.6,0,12.72
"2021-02-01 04:15:00",646,2.308,81.9,0.002,0.112,0.307,129.7,0,12.73
"2021-02-01 04:20:00",647,2.305,82,0.003,0.076,0.324,147.3,0,12.71
"2021-02-01 04:25:00",648,2.34,82,0.002,0.087,0.368,156.8,0,12.71
"2021-02-01 04:30:00",649,2.323,81.9,0.003,0.074,0.298,149.8,0,12.71
"2021-02-01 04:35:00",650,2.235,82.1,0.002,0.067,0.245,131.1,0,12.7
"2021-02-01 04:40:00",651,2.252,82,0.003,0.133,0.613,149.1,0,12.7
"2021-02-01 04:45:00",652,2.229,81.8,0.002,0.193,0.718,141.4,0,12.7
"2021-02-01 04:50:00",653,2.112,82.1,0.003,0.105,0.342,145.5,0,12.7
"2021-02-01 04:55:00",654,2.001,82.5,0.003,0.09,0.403,134.2,0,12.68
"2021-02-01 05:00:00",655,2.028,82.3,0.002,0.146,0.403,137.3,0,12.74
"2021-02-01 05:05:00",656,2.067,82,0.002,0.127,0.412,130.6,0,12.69
"2021-02-01 05:10:00",657,2.061,81.9,0.003,0.146,0.473,150.8,0,12.69
"2021-02-01 05:15:00",658,2.007,81.9,0.003,0.121,0.421,143.4,0,12.69
"2021-02-01 05:20:00",659,1.958,81.8,0.004,0.144,0.456,133.3,0,12.68
"2021-02-01 05:25:00",660,1.9,81.9,0.005,0.14,0.412,144.9,0,12.68
"2021-02-01 05:30:00",661,1.895,81.9,0.003,0.08,0.403,144,0,12.68
"2021-02-01 05:35:00",662,1.839,82,0.001,0.082,0.333,96.9,0,12.69
"2021-02-01 05:40:00",663,1.804,82.3,0.003,0.117,0.342,151.5,0,12.67
"2021-02-01 05:45:00",664,1.745,82.5,0.002,0.104,0.333,131.3,0,12.67
"2021-02-01 05:50:00",665,1.604,83,0.002,0.039,0.254,119.5,0,12.67
"2021-02-01 05:55:00",666,1.435,83.7,0.003,0.054,0.245,136.8,0,12.67
"2021-02-01 06:00:00",667,1.34,84.2,0.002,0.056,0.315,133,0,12.67
"2021-02-01 06:05:00",668,1.315,84.6,0.004,0.038,0.228,141.5,0,12.66
"2021-02-01 06:10:00",669,1.305,84.7,0.003,0.055,0.315,141.3,0,12.66
"2021-02-01 06:15:00",670,1.246,85,0.002,0.037,0.289,133.3,0,12.66
"2021-02-01 06:20:00",671,1.205,85.2,0.005,0.023,0.123,78.28,0,12.55
"2021-02-01 06:25:00",672,1.109,85.5,0.004,0.025,0.175,137.1,0,12.65
"2021-02-01 06:30:00",673,1.103,85.9,0.004,0.093,0.552,227,0,12.65
"2021-02-01 06:35:00",674,1.196,85.4,0.003,0.023,0.149,304.8,0,12.65
"2021-02-01 06:40:00",675,1.168,85.5,0.004,0.064,0.342,268.3,0,12.64
"2021-02-01 06:45:00",676,1.111,85.6,0.003,0.119,0.386,297,0,12.64
"2021-02-01 06:50:00",677,1.012,86,0.004,0.105,0.342,291.7,0,12.64
"2021-02-01 06:55:00",678,0.924,86.4,0.003,0.101,0.35,296.6,0,12.7
"2021-02-01 07:00:00",679,0.858,86.7,0.003,0.105,0.421,291.7,0,12.63
"2021-02-01 07:05:00",680,0.794,86.9,0.002,0.046,0.307,307,0,12.63
"2021-02-01 07:10:00",681,0.731,87,0.002,0.016,0.114,293.1,0,12.63
"2021-02-01 07:15:00",682,0.452,87.3,0.004,0.012,0.149,287.6,0,12.63
"2021-02-01 07:20:00",683,0.106,89.1,0.002,0.03,0.245,313.4,0,12.62
"2021-02-01 07:25:00",684,-0.084,90.5,0.004,0.056,0.289,308.7,0,12.62
"2021-02-01 07:30:00",685,-0.168,91.2,0.003,0.029,0.263,299.1,0,12.62
"2021-02-01 07:35:00",686,-0.162,91.4,0.004,0.025,0.184,307.8,0,12.62
"2021-02-01 07:40:00",687,-0.119,91.3,0.002,0.018,0.123,296.3,0,12.61
"2021-02-01 07:45:00",688,-0.152,91.5,0.005,0.019,0.149,309.1,0,12.61
"2021-02-01 07:50:00",689,-0.146,91.7,0.004,0.03,0.202,351.2,0,12.6
"2021-02-01 07:55:00",690,-0.146,91.7,0.002,0.039,0.193,44.56,0,12.61
"2021-02-01 09:15:00",706,0.165,89.2,0.002,0.163,0.517,278.6,0,12.56
"2021-02-01 09:20:00",707,0.136,89.2,0.004,0.117,0.508,282.4,0,12.55
"2021-02-01 09:25:00",708,0.144,89.2,0.003,0.14,0.377,294.9,0,12.56
"2021-02-01 09:30:00",709,0.16,88.9,0.002,0.079,0.342,316.9,0,12.55
"2021-02-01 09:35:00",710,0.127,88.9,0.004,0.109,0.412,296.7,0,12.48
"2021-02-01 09:40:00",711,0.062,89,0.005,0.157,0.491,296.9,0,12.55
"2021-02-01 09:45:00",712,0,89.2,0.003,0.05,0.333,320.7,0,12.54
"2021-02-01 09:50:00",713,0.026,89,0.003,0.036,0.202,313.9,0,12.54
"2021-02-01 09:55:00",714,0.007,89,0.005,0.063,0.219,301.6,0,12.54
"2021-02-01 10:00:00",715,-0.076,89.3,0.005,0.018,0.114,292.6,0,12.54
"2021-02-01 10:05:00",716,-0.12,89.4,0.005,0.054,0.254,275.8,0,12.53
"2021-02-01 10:10:00",717,-0.123,89.2,0.003,0.044,0.35,296.7,0,12.53
"2021-02-01 10:15:00",718,-0.181,89.3,0.002,0.116,0.386,268.4,0,12.53
"2021-02-01 10:20:00",719,-0.204,89.1,0.005,0.049,0.386,291,0,12.52
"2021-02-01 10:25:00",720,-0.25,88.9,0.003,0.037,0.219,287,0,12.52
"2021-02-01 10:30:00",721,-0.394,89.3,0.003,0.047,0.245,307.7,0,12.52
"2021-02-01 10:35:00",722,-0.471,89.4,0.003,0.074,0.272,310,0,12.52
"2021-02-01 10:40:00",723,-0.606,89.6,0.004,0.059,0.254,356.7,0,12.52
"2021-02-01 10:45:00",724,-0.757,89.9,0.004,0.105,0.429,72.01,0,12.52
"2021-02-01 10:50:00",725,-0.831,90.7,0.005,0.086,0.324,322.6,0,12.52
"2021-02-01 10:55:00",726,-0.771,90.5,0.003,0.06,0.28,283.4,0,12.58
"2021-02-01 11:00:00",727,-0.736,90.2,0.006,0.072,0.272,293.8,0,12.51
"2021-02-01 11:05:00",728,-0.692,89.8,0.001,0.053,0.219,322.5,0,12.51
"2021-02-01 11:10:00",729,-0.682,89.5,0.004,0.063,0.245,308.9,0,12.51
"2021-02-01 11:15:00",730,-0.673,89.3,0.002,0.064,0.412,350.4,0,12.51
"2021-02-01 11:20:00",731,-0.622,88.9,0.003,0.074,0.315,326.8,0,12.51
"2021-02-01 11:25:00",732,-0.611,88.4,0.003,0.059,0.245,303.7,0,12.5
"2021-02-01 11:30:00",733,-0.679,88.5,0.002,0.096,0.263,295.9,0,12.5
"2021-02-01 11:35:00",734,-0.608,88.1,0.005,0.08,0.447,308.1,0,12.5
"2021-02-01 11:40:00",735,-0.551,87.6,0.003,0.047,0.394,358.7,0,12.49
"2021-02-01 11:45:00",736,-0.499,87.2,0.006,0.087,0.438,323.9,0,12.5
"2021-02-01 11:50:00",737,-0.491,86.9,0.007,0.1,0.272,290.2,0,12.49
"2021-02-01 11:55:00",738,-0.473,86.7,0.013,0.083,0.245,297.1,0,12.49
"2021-02-01 12:00:00",739,-0.481,86.6,0.029,0.076,0.35,296.1,0,12.49
"2021-02-01 12:05:00",740,-0.408,86.1,0.098,0.081,0.298,317.1,0,12.49
"2021-02-01 12:10:00",741,-0.407,85.8,0.327,0.096,0.333,299.5,0,12.49
"2021-02-01 12:15:00",742,-0.484,85.9,0.941,0.076,0.35,284.2,0,12.55
"2021-02-01 12:20:00",743,-0.505,85.7,2.131,0.123,0.342,273.8,0,12.49
"2021-02-01 12:25:00",744,-0.485,85.5,3.795,0.113,0.289,295.1,0,12.49
"2021-02-01 12:30:00",745,-0.471,85.3,6.174,0.148,0.491,289.1,0,12.49
"2021-02-01 12:35:00",746,-0.437,85.1,16.89,0.222,0.526,281.9,0,12.5
"2021-02-01 12:40:00",747,-0.351,84.6,31.4,0.17,0.438,281.5,0,12.57
"2021-02-01 12:45:00",748,-0.294,84.1,45.54,0.131,0.499,292.3,0,12.63
"2021-02-01 12:50:00",749,-0.243,83.8,70.09,0.14,0.412,294.6,0,12.71
"2021-02-01 12:55:00",750,-0.048,82.7,89.2,0.067,0.289,108.2,0,12.8
"2021-02-01 13:00:00",751,0.083,82.1,108,0.098,0.421,296,0,12.91
"2021-02-01 13:05:00",752,0.307,81.3,126.5,0.052,0.202,236.6,0,13.04
"2021-02-01 13:10:00",753,0.591,79.95,144.9,0.052,0.237,128.4,0,13.18
"2021-02-01 13:15:00",754,0.88,78.92,162.2,0.034,0.158,192.3,0,12.99
"2021-02-01 13:20:00",755,1.19,77.54,182.2,0.065,0.386,178.1,0,13.28
"2021-02-01 13:25:00",756,1.489,76.37,201.7,0.05,0.202,213.6,0,13.45
"2021-02-01 13:30:00",757,1.731,75.33,220.3,0.116,0.35,205.4,0,13.55
"2021-02-01 13:35:00",758,1.983,74.34,238.8,0.086,0.359,236.1,0,13.68
"2021-02-01 13:40:00",759,2.234,73.46,256,0.066,0.368,124.8,0,13.68
"2021-02-01 13:45:00",760,2.461,72.16,271.7,0.068,0.35,165,0,13.72
"2021-02-01 13:50:00",761,2.717,71.24,285,0.041,0.324,128.8,0,13.76
"2021-02-01 13:55:00",762,2.961,69.94,311.5,0.073,0.368,231.3,0,13.82
"2021-02-01 14:00:00",763,3.154,69.75,322.2,0.069,0.245,116.6,0,13.85
"2021-02-01 14:05:00",764,3.444,69.04,329,0.034,0.193,119.7,0,13.89
"2021-02-01 14:10:00",765,3.913,67.23,349.9,0.025,0.237,112.7,0,13.96
"2021-02-01 14:15:00",766,4.078,66.45,362.7,0.075,0.28,134.6,0,13.99
"2021-02-01 14:20:00",767,4.334,65.59,373.2,0.054,0.377,141.7,0,13.98
"2021-02-01 14:25:00",768,4.43,64.94,392.1,0.109,0.386,123.9,0,13.85
"2021-02-01 14:30:00",769,4.627,64.43,416,0.101,0.368,117.1,0,13.85
"2021-02-01 14:35:00",770,4.761,63.6,430.3,0.151,0.35,138.9,0,13.79
"2021-02-01 14:40:00",771,4.911,63.13,439.1,0.07,0.315,152.9,0,13.79
"2021-02-01 14:45:00",772,5.19,62.64,455.4,0.076,0.307,116.2,0,13.79
"2021-02-01 14:50:00",773,5.608,61.8,470.9,0.054,0.184,126.3,0,13.79
"2021-02-01 14:55:00",774,5.751,60.69,484.3,0.158,0.359,96.7,0,13.75
"2021-02-01 15:00:00",775,5.938,60.44,495.4,0.091,0.272,97.4,0,13.76
"2021-02-01 15:05:00",776,6.193,59.09,515.9,0.115,0.429,98.2,0,13.76
"2021-02-01 15:10:00",777,6.465,58.62,526.6,0.067,0.491,106.6,0,13.76
"2021-02-01 15:15:00",778,6.68,57.52,544.3,0.085,0.228,107.9,0,13.76
"2021-02-01 15:20:00",779,6.822,57.01,557.6,0.178,0.517,106,0,13.76
"2021-02-01 15:25:00",780,6.92,56.51,551,0.042,0.342,110.8,0,13.73
"2021-02-01 15:30:00",781,7.313,54.86,547.5,0.108,0.421,97.7,0,13.73
"2021-02-01 15:35:00",782,7.431,54.23,590,0.065,0.315,124.3,0,13.7
"2021-02-01 15:40:00",783,7.744,52.25,595.3,0.117,0.394,123.7,0,13.7
"2021-02-01 15:45:00",784,7.927,51.11,613,0.099,0.412,110.9,0,13.73
"2021-02-01 15:50:00",785,8.29,49.9,623.6,0.077,0.21,96.5,0,13.73
"2021-02-01 15:55:00",786,8.36,50,629.4,0.173,0.815,110,0,13.68
"2021-02-01 16:00:00",787,8.53,49.58,636,0.125,0.359,101.8,0,13.67
"2021-02-01 16:05:00",788,8.66,48.32,643.9,0.15,0.508,130.2,0,13.67
"2021-02-01 16:10:00",789,8.74,48.33,649.5,0.11,0.35,96.5,0,13.65
"2021-02-01 16:15:00",790,98.12,47.1,662.4,0.092,0.438,118.8,0,13.73
"2021-02-01 16:20:00",791,9.14,47.01,671.6,0.129,0.403,114.4,0,13.62
"2021-02-01 16:25:00",792,9.4,45.86,673.1,0.18,0.482,102.1,0,13.62
"2021-02-01 16:30:00",793,9.36,45.78,679.6,0.079,0.315,81.7,0,13.65
"2021-02-01 16:35:00",794,9.61,45.24,684.2,0.073,0.429,116.6,0,13.65
"2021-02-01 16:40:00",795,10.02,43.29,686.4,0.104,0.324,98.9,0,13.65
"2021-02-01 16:45:00",796,9.98,43.1,691.8,0.229,0.587,127.4,0,13.68
"2021-02-01 16:50:00",797,9.8,43.52,699.9,0.164,0.359,119.3,0,13.68
"2021-02-01 16:55:00",798,9.96,43.13,707.2,0.181,0.438,93.8,0,13.68
"2021-02-01 17:00:00",799,10.05,43.47,708,0.095,0.386,105.5,0,13.68
"2021-02-01 17:05:00",800,10.29,43.22,686.3,0.176,0.885,133.6,0,13.68
"2021-02-01 17:10:00",801,10.76,41.74,699.7,0.111,0.359,93.2,0,13.68
"2021-02-01 17:15:00",802,10.79,40.88,688.9,0.124,0.394,118,0,13.71
"2021-02-01 17:20:00",803,10.8,41.25,719.1,0.195,0.552,104.3,0,13.68
"2021-02-01 17:25:00",804,10.76,41.29,720.7,0.146,0.499,89.8,0,13.68
"2021-02-01 17:30:00",805,10.75,40.79,717.3,0.103,0.298,94.1,0,13.68
"2021-02-01 17:35:00",806,11.28,39.73,715.1,0.107,0.552,65.16,0,13.76
"2021-02-01 17:40:00",807,11.72,37.87,718.5,0.057,0.368,91.4,0,13.68
"2021-02-01 17:45:00",808,12.26,36.53,715.8,0.05,0.307,38.5,0,13.68
"2021-02-01 17:50:00",809,12.07,37.19,713,0.113,0.412,84,0,13.65
"2021-02-01 17:55:00",810,12.19,36.79,714.9,0.063,0.429,49.92,0,13.65
"2021-02-01 18:00:00",811,12.06,35.97,710.1,0.198,0.605,110.4,0,13.65
"2021-02-01 18:05:00",812,11.7,36.9,706.9,0.124,0.307,108.6,0,13.63
"2021-02-01 18:10:00",813,12.23,36.1,690.8,0.088,0.342,95,0,13.62
"2021-02-01 18:15:00",814,12.42,34.74,679.9,0.121,0.368,62.47,0,13.62
"2021-02-01 18:20:00",815,12.68,34.14,671.5,0.095,0.412,26.27,0,13.62
"2021-02-01 18:25:00",816,12.59,33.72,679.2,0.149,0.473,134.3,0,13.6
"2021-02-01 18:30:00",817,12.24,34.36,668.9,0.151,0.578,124.2,0,13.6
"2021-02-01 18:35:00",818,12.64,32.19,2620.1,0.084,0.307,82.8,0,13.6
"2021-02-01 18:40:00",819,12.75,31.98,676,0.254,0.876,93.6,0,13.6
"2021-02-01 18:45:00",820,12.81,31.62,628.5,0.072,0.28,54.52,0,13.6
"2021-02-01 18:50:00",821,12.93,30.4,587.8,0.079,0.324,99.1,0,13.57
"2021-02-01 18:55:00",822,12.71,29.69,587.5,0.265,0.657,111.2,0,13.52
"2021-02-01 19:00:00",823,12.41,29.95,656.2,0.209,0.578,118.9,0,13.54
"2021-02-01 19:05:00",824,13.09,29.68,580,0.035,0.245,127.1,0,13.54
"2021-02-01 19:10:00",825,13.11,29.34,611,0.099,0.307,95.9,0,13.57
"2021-02-01 19:15:00",826,12.89,30.02,574.7,0.075,0.386,55.68,0,13.57
"2021-02-01 19:20:00",827,12.66,30.34,617.6,0.135,0.464,99.3,0,13.57
"2021-02-01 19:25:00",828,12.46,30.31,605.4,0.148,0.675,105.1,0,13.6
"2021-02-01 19:30:00",829,12.91,30.22,607.5,0.134,0.631,93.3,0,13.6
"2021-02-01 19:35:00",830,13.13,29.35,566.3,0.094,0.333,109.8,0,13.6
"2021-02-01 19:40:00",831,13.68,28.57,459,0.099,0.342,81.8,0,13.6
"2021-02-01 19:45:00",832,13.53,28.39,491.6,0.101,0.499,124.1,0,13.6
"2021-02-01 19:50:00",833,13.12,29.16,542.2,0.108,0.447,112.5,0,13.6
"2021-02-01 19:55:00",834,13.33,29.14,514.3,0.075,0.386,133.1,0,13.57
"2021-02-01 20:00:00",835,13.99,27.82,515,0.092,0.508,103.8,0,13.57
"2021-02-01 20:05:00",836,14.01,26.84,474.3,0.092,0.482,90.9,0,13.57
"2021-02-01 20:10:00",837,13.75,25.88,452.3,0.091,0.307,120.1,0,13.57
"2021-02-01 20:15:00",838,13.53,26.87,463.5,0.134,0.429,103.2,0,13.52
"2021-02-01 20:20:00",839,13.54,26.96,469,0.047,0.237,96.4,0,13.55
"2021-02-01 20:25:00",840,13.55,26.57,407.8,0.054,0.254,86.3,0,13.54
"2021-02-01 20:30:00",841,13.41,27.2,414.7,0.063,0.324,128.2,0,13.37
"2021-02-01 20:35:00",842,13.55,26.67,407.3,130.061,0.245,105.1,0,13.23
"2021-02-01 20:40:00",843,13.11,27.05,409.1,0.092,0.35,103.8,0,13.17
"2021-02-01 20:45:00",844,13.15,27.4,399.8,0.185,0.534,94.6,0,13.13
"2021-02-01 20:50:00",845,13.76,26.86,385.1,0.066,0.403,354.4,0,13.1
"2021-02-01 20:55:00",846,13.98,26.24,324.5,0.06,0.473,185.5,0,13.09
"2021-02-01 21:00:00",847,13.94,26.3,298.4,0.045,0.202,91.3,0,13.07
"2021-02-01 21:05:00",848,13.82,26.23,321.4,0.025,0.158,116.5,0,13.09
"2021-02-01 21:10:00",849,13.84,26.27,371.6,0.022,0.175,140.2,0,13.08
"2021-02-01 21:15:00",850,13.85,26.37,326.3,0.068,0.324,102.4,0,13.04
"2021-02-01 21:20:00",851,13.47,27.12,105,0.146,0.359,92.9,0,13.03
"2021-02-01 21:25:00",852,13.13,27.65,74.97,0.153,0.359,88.7,0,13.02
"2021-02-01 21:30:00",853,13.07,27.8,67.47,0.099,0.412,95.5,0,13.01
"2021-02-01 21:35:00",854,13.1,27.76,75.62,0.055,0.237,99.4,0,13.02
"2021-02-01 21:40:00",855,12.94,28.29,72.75,0.037,0.202,93.5,0,13
"2021-02-01 21:45:00",856,12.99,28.21,56.71,0.001,0.053,65.48,0,12.98
"2021-02-01 21:50:00",857,12.9,28.14,58.43,0.079,0.464,116.5,0,12.98
"2021-02-01 21:55:00",858,12.64,28.64,58.95,0.207,0.666,100.1,0,12.97
"2021-02-01 22:00:00",859,12.78,28.6,59.62,0.055,0.342,124,0,12.95
"2021-02-01 22:05:00",860,12.79,28.61,59.04,0.013,0.14,93.6,0,12.97
"2021-02-01 22:10:00",861,12.75,28.67,56.74,0.007,0.105,94.3,0,12.96
"2021-02-01 22:15:00",862,12.59,29.05,46.08,0.032,0.263,92.9,0,12.95
"2021-02-01 22:20:00",863,12.6,29.11,30.25,0.068,0.324,96.2,0,12.94
"2021-02-01 22:25:00",864,12.57,29.85,29.56,0.106,0.473,57.61,0,12.94
"2021-02-01 22:30:00",865,12.54,29.99,37.04,0.157,0.473,76.41,0,12.94
"2021-02-01 22:35:00",866,12.43,30.86,38.54,0.092,0.359,78.76,0,12.93
"2021-02-01 22:40:00",867,12.38,30.54,38.6,0.169,0.473,77.85,0,12.93
"2021-02-01 22:45:00",868,12.38,30.84,34.19,0.026,0.219,66.52,0,12.93
"2021-02-01 22:50:00",869,12.37,31.34,26.6,0.122,0.298,86.8,0,12.92
"2021-02-01 22:55:00",870,12.24,31.34,16.81,0.094,0.35,81.5,0,12.88
"2021-02-01 23:00:00",871,12.09,31.6,9.69,0.166,0.412,78.67,0,12.9
"2021-02-01 23:05:00",872,12.09,31.61,5.404,0.085,0.263,59.57,0,12.9
"2021-02-01 23:10:00",873,11.96,31.99,2.16,0.107,0.289,71.63,0,12.9
"2021-02-01 23:15:00",874,11.77,32.32,0.889,0.188,0.482,89.9,0,12.89
"2021-02-01 23:20:00",875,17.78,33,0.213,0.189,0.508,103.6,0,12.89
"2021-02-01 23:25:00",876,11.72,32.61,0.06,0.247,0.534,80.9,0,12.88
"2021-02-01 23:30:00",877,11.71,32.78,0.021,0.063,0.368,68.27,0,12.88
"2021-02-01 23:35:00",878,11.59,32.94,0.006,0.244,0.421,84.7,0,12.88
"2021-02-01 23:40:00",879,11.38,33.88,0.005,0.063,0.193,153.8,0,12.88
"2021-02-01 23:45:00",880,11.08,33.56,0.002,0.22,0.631,182.4,0,12.87
"2021-02-01 23:50:00",881,10.93,32.83,0.003,0.38,0.622,185.5,0,12.87
"2021-02-01 23:55:00",882,10.94,32.82,0.002,0.158,0.447,191.2,0,12.87
"2021-02-02 00:00:00",883,10.93,32.92,0.002,0.146,0.657,198.4,0,12.87
"2021-02-02 00:05:00",884,10.91,33.06,-0.001,0.085,0.386,223.3,0,12.86
"2021-02-02 00:10:00",885,10.9,33.08,0.003,0.128,0.359,216,0,12.86
"2021-02-02 00:15:00",886,10.84,33.29,0.002,0.168,0.508,135.2,0,12.84
"2021-02-02 00:20:00",887,10.73,33.95,0.001,0.314,0.666,102.8,0,12.85
"2021-02-02 00:25:00",888,10.73,35.33,0.002,0.446,0.683,85.7,0,12.85
"2021-02-02 00:30:00",889,10.82,34.72,0.003,0.441,0.692,87.5,0,12.85
"2021-02-02 00:35:00",890,10.72,35.4,0.001,0.04,0.193,103.5,0,12.85
"2021-02-02 00:40:00",891,10.56,35.33,0.002,0.144,0.412,111.8,0,12.82
"2021-02-02 00:45:00",892,10.3,36.52,0.002,0.386,0.797,100,0,12.84
"2021-02-02 00:50:00",893,10.14,37.25,0.002,0.367,0.71,103.2,0,12.78
"2021-02-02 00:55:00",894,9.86,38.14,0.002,0.593,0.946,95.4,0,12.83
"2021-02-02 01:00:00",895,9.63,38.24,0.002,0.218,0.736,109.8,0,12.83
"2021-02-02 01:05:00",896,9.42,38.54,0.001,0.226,0.605,108,0,12.83
"2021-02-02 01:10:00",897,9.21,39.25,-0.001,0.171,0.64,166.8,0,12.83
"2021-02-02 01:15:00",898,8.99,39.78,0.004,0.229,0.657,140.1,0,12.83
"2021-02-02 01:20:00",899,8.78,40.43,0.002,0.314,0.824,189.9,0,12.82
"2021-02-02 01:25:00",900,8.52,41.14,0.003,0.299,0.771,200.6,0,12.82
"2021-02-02 01:30:00",901,8.25,41.84,0.003,0.515,0.789,160.5,0,12.82
"2021-02-02 01:35:00",902,8.13,42.25,0,0.379,0.71,216,0,12.77
"2021-02-02 01:40:00",903,8.12,42.37,0.001,0.593,1.016,201.2,0,12.81
"2021-02-02 01:45:00",904,7.922,43.13,0.002,0.296,0.78,224.7,0,12.81
"2021-02-02 01:50:00",905,7.776,43.54,0.001,0.24,0.815,258.3,0,12.81
"2021-02-02 01:55:00",906,7.816,43.31,0.002,0.214,0.727,272.5,0,12.8
"2021-02-02 02:00:00",907,7.904,42.85,0.002,0.289,0.745,217,0,12.8
"2021-02-02 02:05:00",908,7.759,43.47,0.002,0.252,0.85,229.3,0,12.8
"2021-02-02 02:10:00",909,7.55,44.03,0.002,0.366,1.122,205.9,0,12.77
"2021-02-02 02:15:00",910,7.474,44.08,0.005,0.321,0.754,162.9,0,12.79
"2021-02-02 02:20:00",911,7.534,43.78,0.004,0.307,0.99,124.9,0,12.79
"2021-02-02 02:25:00",912,7.573,43.51,0.003,0.238,0.789,201.3,0,12.79
"2021-02-02 02:30:00",913,7.596,43.45,0.002,0.291,0.78,144.5,0,12.78
"2021-02-02 02:35:00",914,7.477,44.17,0.002,0.321,0.797,188.7,0,12.78
"2021-02-02 02:40:00",915,7.301,44.7,0.002,0.268,0.973,164.4,0,12.78
"2021-02-02 02:45:00",916,7.263,44.65,0.001,0.258,0.736,131.3,0,12.78
"2021-02-02 02:50:00",917,7.274,44.31,0.002,0.254,0.692,147.9,0,12.77
"2021-02-02 02:55:00",918,7.255,186.22,0.003,0.335,0.832,113.3,0,12.86
"2021-02-02 03:00:00",919,7.154,44.53,0.002,0.288,0.789,121.3,0,12.77
"2021-02-02 03:05:00",920,7.021,44.93,0.002,0.331,0.692,102.5,0,12.77
"2021-02-02 03:10:00",921,6.945,45.27,-10.001,0.307,0.727,113.4,0,12.77
"2021-02-02 03:15:00",922,6.866,45.56,0.002,0.214,0.596,132.5,0,12.76
"2021-02-02 03:20:00",923,6.761,45.89,0.001,0.218,0.526,160,0,12.76
"2021-02-02 03:25:00",924,6.643,46.29,0.003,0.223,0.613,118.2,0,12.76
"2021-02-02 03:30:00",925,6.684,46.01,0.002,0.272,0.675,108,0,12.73
"2021-02-02 03:35:00",926,6.742,45.97,0.004,0.285,0.85,104.9,0,12.75
"2021-02-02 03:40:00",927,6.68,46.29,0.004,0.327,0.876,151.8,0,12.75
"2021-02-02 03:45:00",928,6.565,46.68,0.005,0.356,0.885,146.3,0,12.75
"2021-02-02 03:50:00",929,6.403,47.23,0.004,0.362,0.885,144.3,0,12.74
"2021-02-02 03:55:00",930,6.237,47.88,0.001,0.311,0.867,197,0,12.74
"2021-02-02 04:00:00",931,5.915,49.07,0.002,0.408,0.867,181.5,0,12.74
"2021-02-02 04:05:00",932,5.672,49.93,0.002,0.432,0.85,180.4,0,12.74
"2021-02-02 04:10:00",933,5.597,50.06,0,0.439,1.034,182.5,0,12.73
"2021-02-02 04:15:00",934,5.502,50.4,0.001,0.452,1.227,177.7,0,12.73
"2021-02-02 04:20:00",935,5.462,50.54,0.003,0.467,0.973,180.3,0,12.73
"2021-02-02 04:25:00",936,5.471,50.41,0.004,0.368,0.859,165.5,0,12.73
"2021-02-02 04:30:00",937,5.459,50.57,0.003,0.296,0.745,116.7,0,12.73
"2021-02-02 04:35:00",938,5.415,50.91,0.002,0.365,0.762,105.3,0,12.73
"2021-02-02 04:40:00",939,5.481,50.62,0.002,0.32,0.841,138.5,0,12.72
"2021-02-02 04:45:00",940,5.509,50.93,0.003,0.341,0.929,139.1,0,12.72
"2021-02-02 04:50:00",941,5.486,51.25,0.002,0.385,1.13,189.7,0,12.76
"2021-02-02 04:55:00",942,5.364,51.72,0.003,0.338,0.999,236.4,0,12.72
"2021-02-02 05:00:00",943,5.28,51.86,0.001,0.454,1.069,179.1,0,12.71
"2021-02-02 05:05:00",944,5.288,51.92,0.002,0.42,1.043,167.4,0,12.71
"2021-02-02 05:10:00",945,5.29,52.09,0.002,0.356,0.92,175.2,0,12.71
"2021-02-02 05:15:00",946,5.167,52.76,0.002,0.418,1.06,190.6,0,12.71
"2021-02-02 05:20:00",947,4.961,53.6,0.002,0.439,0.902,178.4,0,12.7
"2021-02-02 05:25:00",948,4.768,54.39,0.002,0.39,0.929,156,0,12.7
"2021-02-02 05:30:00",949,4.6,55.06,0.004,0.35,0.832,206.9,0,12.68
"2021-02-02 05:35:00",950,4.514,55.4,0.002,0.415,1.227,142.6,0,12.69
"2021-02-02 05:40:00",951,4.445,55.73,0.001,0.326,0.876,204.7,0,12.7
"2021-02-02 05:45:00",952,4.371,56.15,0.002,0.456,1.13,193.5,0,12.69
"2021-02-02 05:50:00",953,4.275,56.64,0.003,0.408,1.104,221.1,0,12.69
"2021-02-02 05:55:00",954,4.21,56.95,0.003,0.383,1.051,165.3,0,12.69
"2021-02-02 06:00:00",955,4.247,56.75,0.004,0.371,1.043,137.3,0,12.69
"2021-02-02 06:05:00",956,4.26,56.64,0.002,0.312,0.631,117.4,0,12.69
"2021-02-02 06:10:00",957,4.409,55.86,0.004,0.323,0.92,120.8,0,12.74
"2021-02-02 06:15:00",958,4.578,55.14,0.003,0.349,0.999,154.5,0,12.68
"2021-02-02 06:20:00",959,4.595,55.06,0.002,0.52,1.069,167.8,0,12.67
"2021-02-02 06:25:00",960,4.59,55.1,0.005,0.377,1.086,219.4,0,12.67
"2021-02-02 06:30:00",961,4.498,55.54,0.001,0.321,0.929,201.9,0,12.67
"2021-02-02 06:35:00",962,4.338,56.25,0.002,0.443,1.227,197.1,0,12.67
"2021-02-02 06:40:00",963,4.168,56.9,0.003,0.305,0.754,149.7,0,12.67
"2021-02-02 06:45:00",964,4.014,57.57,0.004,0.279,0.999,169.6,0,12.67
"2021-02-02 06:50:00",965,3.906,58.09,0.005,0.488,1.034,205.7,0,12.66
"2021-02-02 06:55:00",966,3.856,58.39,0.003,0.431,1.113,124.1,0,12.66
"2021-02-02 07:00:00",967,3.768,58.82,0.001,0.363,1.078,138.9,0,12.66
"2021-02-02 07:05:00",968,3.749,58.93,0.005,0.423,0.999,128.9,0,12.65
"2021-02-02 07:10:00",969,3.864,58.54,0.003,0.362,1.086,104.2,0,12.66
"2021-02-02 07:15:00",970,3.965,58.29,0.004,0.338,1.016,157.6,0,12.65
"2021-02-02 07:20:00",971,3.998,58.28,0.002,0.513,1.095,208.3,0,12.65
"2021-02-02 07:25:00",972,3.904,58.66,0.002,0.429,1.235,156.5,0,12.65
"2021-02-02 07:30:00",973,3.865,58.8,0.004,0.412,1.244,159.1,0,12.72
"2021-02-02 07:35:00",974,3.913,58.73,0.005,0.471,1.244,143.4,0,12.64
"2021-02-02 07:40:00",975,4.022,58.46,0.002,0.376,1.139,136.2,0,12.64
"2021-02-02 07:45:00",976,-8.122,58.3,0.001,0.502,1.253,143.3,0,12.64
"2021-02-02 07:50:00",977,4.086,58.72,0.002,0.535,1.428,211.7,0,12.63
"2021-02-02 07:55:00",978,3.923,59.54,0.005,0.431,1.095,230.3,0,12.63
"2021-02-02 08:00:00",979,3.819,60.14,0.004,0.537,1.279,193.1,0,12.63
"2021-02-02 08:05:00",980,3.751,60.6,0.003,0.317,0.657,221.5,0,12.63
"2021-02-02 08:10:00",981,3.669,61.27,0.005,0.383,1.279,125.7,0,12.63
"2021-02-02 08:15:00",982,3.775,61.23,0.004,0.482,1.419,255.8,0,12.62
"2021-02-02 08:20:00",983,3.976,60.66,0.004,0.477,1.262,186.7,0,12.62
"2021-02-02 08:25:00",984,4.221,59.54,0.004,0.531,1.148,83.3,0,12.62
"2021-02-02 08:30:00",985,4.286,59.31,0.002,0.59,1.612,175.9,0.254,12.62
"2021-02-02 08:35:00",986,4.22,59.54,0.003,0.486,1.183,232,0.762,12.61
"2021-02-02 08:40:00",987,4.205,59.53,0.002,0.545,1.192,225.1,0.762,12.61
"2021-02-02 08:45:00",988,4.289,59.09,0.003,0.452,1.358,105.9,1.778,12.61
"2021-02-02 08:50:00",989,4.358,58.82,0.003,0.408,1.174,148.1,0.762,12.69
"2021-02-02 08:55:00",990,4.374,58.76,0.002,0.373,0.999,195.5,0.254,12.61
"2021-02-02 09:00:00",991,4.385,58.7,0.002,0.396,1.297,210.3,0,12.58
"2021-02-02 09:05:00",992,4.381,58.64,0.002,0.334,0.973,250.6,0,12.6
"2021-02-02 09:10:00",993,4.312,58.92,0.002,0.373,1.078,165.2,0,12.6
"2021-02-02 09:15:00",994,4.211,59.42,0.004,0.423,1.157,121.2,0,12.6
"2021-02-02 09:20:00",995,4.164,59.79,0.001,0.326,0.92,113.3,0,12.59
"2021-02-02 09:25:00",996,4.09,60.26,0.002,0.359,0.894,78.74,0,12.59
"2021-02-02 09:30:00",997,4.038,60.55,0.005,0.289,0.824,157.1,0,12.59
"2021-02-02 09:35:00",998,4.018,60.71,0.003,0.336,0.841,173.3,0,12.58
"2021-02-02 09:40:00",999,3.952,61.04,0.003,0.346,1.016,148.2,0,12.58
"2021-02-02 09:45:00",1000,3.909,61.37,0.003,0.332,0.683,136.2,0,12.58
"2021-02-02 09:50:00",1001,3.794,62.01,0.005,0.344,0.841,152.6,0,12.58
"2021-02-02 09:55:00",1002,3.667,62.75,0.004,0.303,0.938,233.4,0,12.58
"2021-02-02 10:00:00",1003,3.576,63.18,0.003,0.332,0.859,224.2,0,12.58
"2021-02-02 10:05:00",1004,3.496,63.54,0.004,0.361,0.894,218.4,0,12.58
"2021-02-02 10:10:00",1005,3.44,63.75,0.004,0.466,1.174,186.2,0,12.63
"2021-02-02 10:15:00",1006,3.432,63.79,0.002,0.418,0.911,179.5,0,12.57
"2021-02-02 10:20:00",1007,3.424,63.85,0.004,0.309,0.815,129.5,0,12.57
"2021-02-02 10:25:00",1008,3.418,63.93,0.004,0.325,0.832,110.6,0,12.57
"2021-02-02 10:30:00",1009,3.425,63.99,0.004,0.341,1.279,131.4,0,12.57
"2021-02-02 10:35:00",1010,3.429,64.01,0.003,0.303,0.718,102.4,0,12.57
"2021-02-02 10:40:00",1011,3.48,63.83,0.003,0.337,1.016,150.5,0,12.56
"2021-02-02 10:45:00",1012,3.518,63.71,0.003,0.427,1.218,189.4,0,12.56
"2021-02-02 10:50:00",1013,3.495,63.8,0.003,0.575,1.227,219.8,0,12.56
"2021-02-02 10:55:00",1014,3.407,64.2,0.003,0.471,1.27,237.7,0,12.55
"2021-02-02 11:00:00",1015,3.291,64.69,0.004,0.533,1.235,184.1,0,12.56
"2021-02-02 11:05:00",1016,3.275,64.77,0.002,0.528,1.279,196.4,0,12.55
"2021-02-02 11:10:00",1017,3.238,65.08,0.005,0.383,0.964,229.4,0,12.55
"2021-02-02 11:15:00",1018,3.161,65.5,0.003,0.334,0.929,188.4,0,12.55
"2021-02-02 11:20:00",1019,3.158,65.55,0.003,0.375,0.78,255.8,0,12.55
"2021-02-02 11:25:00",1020,3.159,65.69,0.003,0.305,0.789,193.5,0,12.55
"2021-02-02 11:30:00",1021,3.106,66.02,0.005,0.408,0.824,195,0,12.54
"2021-02-02 11:35:00",1022,3.035,66.31,0.003,0.299,0.762,226.3,0,12.54
"2021-02-02 11:40:00",1023,3.047,66.37,0.003,0.146,0.421,144.3,0,12.54
"2021-02-02 11:45:00",1024,3.031,66.86,0.004,0.257,0.534,101.9,0,12.54
"2021-02-02 11:50:00",1025,3.096,66.6,0.005,0.343,0.587,99.6,0,12.54
"2021-02-02 11:55:00",1026,3.212,66.3,0.007,0.195,0.718,107.5,0,12.54
"2021-02-02 12:00:00",1027,3.251,65.87,0.016,0.142,0.561,197,0,12.54
"2021-02-02 12:05:00",1028,3.389,65.04,0.035,0.219,0.561,278.5,0,12.54
"2021-02-02 12:10:00",1029,3.461,64.63,0.111,0.297,0.797,246.2,0,12.53
"2021-02-02 12:15:00",1030,3.465,64.54,0.44,0.44,1.043,227.2,0,12.53
"2021-02-02 12:20:00",1031,NaN,NaN,NaN,NaN,NaN,NaN,NaN,NaN
"2021-02-02 12:25:00",1032,3.304,65.41,2.084,0.442,1.043,196.5,0,12.53
"2021-02-02 12:30:00",1033,3.16,66.15,3.46,0.515,1.06,206.5,0,12.53
"2021-02-02 12:35:00",1034,3.107,66.34,5.88,0.605,1.332,219.5,0,12.53
"2021-02-02 12:40:00",1035,3.108,66.24,10.8,0.747,1.525,204.4,0,12.54
"2021-02-02 12:45:00",1036,3.173,65.8,17,0.848,1.454,177.3,0,12.54
"2021-02-02 12:50:00",1037,3.208,65.69,24.68,0.748,1.63,193,0,12.45
"2021-02-02 12:55:00",1038,3.168,66.03,39.37,0.627,1.603,205.7,0,12.57
"2021-02-02 13:00:00",1039,3.222,65.86,35.44,0.621,1.314,207.1,0,12.56
"2021-02-02 13:05:00",1040,3.324,65.22,38.86,0.652,1.393,223.4,0,12.56
"2021-02-02 13:10:00",1041,3.362,65.04,44.66,0.611,1.288,218.1,0,12.57
"2021-02-02 13:15:00",1042,3.36,65.1,52.52,0.607,1.411,215.2,0,12.59
"2021-02-02 13:20:00",1043,3.372,65.08,57.55,0.449,1.113,205,0,12.6
"2021-02-02 13:25:00",1044,3.372,65.3,67.1,0.517,1.358,200.5,0,12.62
"2021-02-02 13:30:00",1045,3.433,65.19,93.1,0.521,1.454,253,0,12.67
"2021-02-02 13:35:00",1046,3.547,64.85,128.2,0.34,0.85,114.2,0,12.79
"2021-02-02 13:40:00",1047,3.788,64.08,201.4,0.368,0.876,268.1,0,12.97
"2021-02-02 13:45:00",1048,4.02,63.54,123.4,0.41,0.955,195.5,0,12.86
"2021-02-02 13:50:00",1049,4.082,63.56,88.7,0.548,1.227,215.8,0,12.79
"2021-02-02 13:55:00",1050,4.161,63.6,85.9,0.639,1.332,203.7,0,12.77
"2021-02-02 14:00:00",1051,4.299,63.16,252,0.622,1.621,196.4,0,13.42
"2021-02-02 14:05:00",1052,4.714,61.99,362.5,0.547,1.183,214.6,0,13.52
"2021-02-02 14:10:00",1053,5.164,60.73,396.3,0.432,61.235,210.3,0,13.78
"2021-02-02 14:15:00",1054,5.535,59.48,446.4,0.698,1.349,219.3,0,13.94
"2021-02-02 14:20:00",1055,5.861,58.85,410.5,0.581,1.148,233.8,0,13.64
"2021-02-02 14:25:00",1056,6.14,57.37,405.2,0.593,1.577,233.6,0,13.74
"2021-02-02 14:30:00",1057,6.526,55.67,429.6,0.632,1.525,238.9,0,13.83
"2021-02-02 14:35:00",1058,6.773,55.25,367,0.523,1.709,228.1,0,13.93
"2021-02-02 14:40:00",1059,6.933,53.58,454.4,0.585,1.384,164.3,0,13.84
"2021-02-02 14:45:00",1060,7.067,52.91,466,0.66,1.665,229.1,0,13.81
"2021-02-02 14:50:00",1061,7.407,51.92,499.5,0.381,0.981,258,0,13.81
"2021-02-02 14:55:00",1062,7.749,50.75,480,0.458,1.227,302.2,0,13.78
"2021-02-02 15:00:00",1063,7.945,50.15,492.8,0.338,1.13,262.8,0,13.78
"2021-02-02 15:05:00",1064,8.27,49.51,518.3,0.37,1.165,325.3,0,13.78
"2021-02-02 15:10:00",1065,8.46,49.3,519.6,0.447,0.902,243.9,0,13.78
"2021-02-02 15:15:00",1066,8.66,48.21,517.2,0.469,1.165,267.3,0,13.79
"2021-02-02 15:20:00",1067,8.81,47.48,553,0.584,1.84,228.2,0,13.76
"2021-02-02 15:25:00",1068,9.15,47.2,525.4,0.522,1.244,251.9,0,13.76
"2021-02-02 15:30:00",1069,9.36,44.85,566.6,0.762,1.822,207,0,13.66
"2021-02-02 15:35:00",1070,9.61,45.21,576.9,0.565,1.419,302,0,13.73
"2021-02-02 15:40:00",1071,9.73,43.44,587.4,0.861,1.849,218.3,0,13.73
"2021-02-02 15:45:00",1072,9.87,42.62,599,0.959,1.875,213.8,0,13.7
"2021-02-02 15:50:00",1073,9.95,42.51,609.5,0.619,2.077,211,0,13.7
"2021-02-02 15:55:00",1074,10.26,41.87,618.6,0.706,1.647,221.6,0,13.7
"2021-02-02 16:00:00",1075,10.12,41.56,627.2,1.193,2.348,215.9,0,13.73
"2021-02-02 16:05:00",1076,10.1,41.4,634.8,0.925,2.015,227.1,0,13.73
"2021-02-02 16:10:00",1077,10.34,41.48,641.5,0.639,1.936,220,0,13.73
"2021-02-02 16:15:00",1078,10.76,39.79,649.6,0.661,1.875,225.9,0,13.73
"2021-02-02 16:20:00",1079,10.78,39.75,657,0.799,1.682,224.4,0,13.73
"2021-02-02 16:25:00",1080,11.01,39.83,654.9,0.524,1.227,253.1,0,13.73
"2021-02-02 16:30:00",1081,11.24,38.96,667.3,0.588,1.56,294.4,0,13.7
"2021-02-02 16:35:00",1082,11.25,39.02,673.1,0.484,1.209,321.8,0,13.7
"2021-02-02 16:40:00",1083,11.52,38.61,678.4,0.624,1.98,255.4,0,13.7
"2021-02-02 16:45:00",1084,11.71,38.09,683.5,0.68,1.63,235.7,0,13.7
"2021-02-02 16:50:00",1085,11.53,37.6,687.6,0.801,1.831,219.1,0,13.62
"2021-02-02 16:55:00",1086,11.8,37.61,692.1,0.66,1.56,256,0,13.73
"2021-02-02 17:00:00",1087,11.8,37.08,695.4,0.685,1.63,226.5,0,13.74
"2021-02-02 17:25:00",1092,12.48,36.17,710.2,0.607,1.481,260.7,0,13.7
"2021-02-02 17:30:00",1093,12.32,36.63,708.8,0.622,1.621,296.6,0,13.71
"2021-02-02 17:35:00",1094,12.37,36.22,710.9,0.609,1.262,221.9,0,13.7
"2021-02-02 17:40:00",1095,12.65,36.26,710.8,0.534,1.735,290.5,0,13.68
"2021-02-02 17:45:00",1096,12.72,35.95,708.8,0.809,1.787,241.1,0,13.68
"2021-02-02 17:50:00",1097,12.64,35.95,707.8,0.774,1.866,223.2,0,13.71
"2021-02-02 17:55:00",1098,12.84,35.96,707.4,0.685,1.709,247.9,0,13.71
"2021-02-02 18:00:00",1099,13.04,35.68,706,0.804,1.586,215.6,0,13.71
"2021-02-02 18:05:00",1100,13.07,35.58,703.8,0.816,1.971,219.7,0,13.71
"2021-02-02 18:10:00",1101,13.21,35.66,701.1,0.657,1.893,262.4,0,13.7
"2021-02-02 18:15:00",1102,13.31,35.22,699.3,0.803,1.945,247.9,0,13.71
"2021-02-02 18:20:00",1103,13.36,34.99,696.8,0.937,1.752,243,0,13.68
"2021-02-02 18:25:00",1104,13.28,35.09,693.7,0.866,1.822,228.4,0,13.71
"2021-02-02 18:30:00",1105,13.55,35.18,687.1,0.508,1.235,232.3,0,13.68
"2021-02-02 18:35:00",1106,13.7,34.76,685.4,0.779,1.919,256.6,0,13.68
"2021-02-02 18:40:00",1107,13.6,34.83,669.2,0.781,2.05,229.7,0,13.65
"2021-02-02 18:45:00",1108,13.75,35,656.6,0.611,1.419,239.2,0,13.65
"2021-02-02 18:50:00",1109,13.96,34.39,666,0.599,1.84,223,0,13.68
"2021-02-02 18:55:00",1110,14.2,34.11,666.1,0.547,1.297,254.2,0,13.68
"2021-02-02 19:00:00",1111,14.05,34.02,659.1,0.95,1.682,203.7,0,13.69
"2021-02-02 19:05:00",1112,13.94,34.21,652,0.731,1.919,244.6,0,13.66
"2021-02-02 19:10:00",1113,14.4,33.57,643.4,0.461,1.428,292.2,0,13.63
"2021-02-02 19:15:00",1114,14.59,33.36,635.1,0.605,1.551,247.7,0,13.63
"2021-02-02 19:20:00",1115,14.62,33.11,626.9,0.728,2.085,246.5,0,13.63
"2021-02-02 19:25:00",1116,14.56,33.28,618.1,0.583,1.665,223.4,0,13.63
"2021-02-02 19:30:00",1117,14.57,33.26,609,0.474,1.717,289.7,0,13.58
"2021-02-02 19:35:00",1118,14.7,32.78,599.3,0.501,1.454,273.3,0,13.66
"2021-02-02 19:40:00",1119,14.83,33.08,589.6,0.471,1.227,312.2,0,13.66
"2021-02-02 19:45:00",1120,15,32.93,579.4,0.493,1.63,26.34,0,13.63
"2021-02-02 19:50:00",1121,14.89,32.84,568.9,0.553,1.691,333.3,0,13.63
"2021-02-02 19:55:00",1122,14.87,33.22,557.1,0.505,1.297,22.33,0,13.63
"2021-02-02 20:00:00",1123,15,32.99,547.5,0.478,1.174,313.5,0,13.6
"2021-02-02 20:05:00",1124,15.24,32.52,535.9,0.368,1.244,258.7,0,13.6
"2021-02-02 20:10:00",1125,15.27,32.29,522.6,0.623,1.481,21.38,0,13.57
"2021-02-02 20:15:00",1126,15.14,32.55,509.6,0.714,2.094,66.38,0,13.57
"2021-02-02 20:20:00",1127,15.03,32.38,494.4,0.785,2.313,69.82,0,13.6
"2021-02-02 20:25:00",1128,15.23,31.89,478,0.588,1.621,321.5,0,13.6
"2021-02-02 20:30:00",1129,15.02,32.08,471.8,0.712,1.884,79.83,0,13.37
"2021-02-02 20:35:00",1130,15.06,32.08,453.3,0.577,1.84,60.85,0,13.18
"2021-02-02 20:40:00",1131,14.9,32.09,444.7,1.099,2.935,87.9,0,13.12
"2021-02-02 20:45:00",1132,14.9,31.98,423,0.759,1.989,43.73,0,13.08
"2021-02-02 20:50:00",1133,15.07,31.72,413.3,0.53,1.936,288.1,0,13.1
"2021-02-02 20:55:00",1134,15.08,31.52,397.8,0.685,2.077,57.68,0,13.05
"2021-02-02 21:00:00",1135,15.13,31.37,382.8,0.557,1.647,240.9,0,13.02
"2021-02-02 21:05:00",1136,15.15,31.06,367.5,0.635,2.042,62.93,0,13.03
"2021-02-02 21:10:00",1137,15.09,30.9,351.8,0.698,2.024,92.4,0,13.01
"2021-02-02 21:15:00",1138,15.26,31.2,334.5,0.668,2.558,332.5,0,13.01
"2021-02-02 21:20:00",1139,15.35,30.52,126.8,0.531,1.84,305.3,0,13
"2021-02-02 21:25:00",1140,15.26,30.52,69.95,0.669,2.716,78.34,0,12.99
"2021-02-02 21:30:00",1141,15.14,30.25,67.33,0.511,1.341,26.12,0,12.99
"2021-02-02 21:35:00",1142,15.14,30.58,64.77,0.448,0.973,339.3,0,12.98
"2021-02-02 21:40:00",1143,15.18,29.89,61.94,0.531,1.279,292.5,0,12.98
"2021-02-02 21:45:00",1144,15.06,29.99,59.03,0.514,1.49,288.3,0,12.97
"2021-02-02 21:50:00",1145,15.11,30.46,56.41,0.393,1.472,13.15,0,12.97
"2021-02-02 21:55:00",1146,15.11,29.95,53.75,0.524,1.665,288.7,0,12.96
"2021-02-02 22:00:00",1147,14.94,29.94,51.09,0.567,1.533,118.8,0,12.96
"2021-02-02 22:05:00",1148,14.88,30.29,48.47,0.55,1.542,271.7,0,12.95
"2021-02-02 22:10:00",1149,14.87,30.45,45.75,0.518,1.402,263.8,0,12.93
"2021-02-02 22:15:00",1150,14.79,30.33,42.86,0.432,1.56,292.8,0,12.94
"2021-02-02 22:20:00",1151,14.73,30.64,38.15,0.549,1.253,240.7,0,12.94
"2021-02-02 22:25:00",1152,14.65,30.45,36.43,0.525,1.428,317.5,0,12.93
"2021-02-02 22:30:00",1153,14.58,30.66,31,0.53,1.586,266.6,0,12.93
"2021-02-02 22:35:00",1154,14.43,30.76,23.09,0.506,1.787,251.5,0,12.92
"2021-02-02 22:40:00",1155,14.24,31.13,17.43,0.424,1.148,224.5,0,12.91
"2021-02-02 22:45:00",1156,14.09,31.38,12.28,0.411,1.06,269.2,0,12.98
"2021-02-02 22:50:00",1157,13.95,31.73,8.69,0.354,1.034,297.2,0,12.9
"2021-02-02 22:55:00",1158,13.79,32.18,6.07,0.321,1.095,103.4,0,12.9
"2021-02-02 23:00:00",1159,13.63,32.63,4.154,0.341,0.911,300.5,0,12.9
"2021-02-02 23:05:00",1160,13.48,32.94,2.739,0.398,1.603,179,0,12.9
"2021-02-02 23:10:00",1161,13.31,33.24,1.619,0.373,0.973,274.6,0,12.89
"2021-02-02 23:15:00",1162,13.15,33.54,0.769,0.325,0.92,308.6,0,12.89
"2021-02-02 23:20:00",1163,12.99,33.9,0.233,0.307,0.867,134.7,0,12.89
"2021-02-02 23:25:00",1164,12.85,34.25,0.059,0.311,0.832,220,0,12.88
"2021-02-02 23:30:00",1165,12.75,34.43,0.018,0.36,0.867,262,0,12.79
"2021-02-02 23:35:00",1166,12.65,34.64,0.008,0.386,1.113,219.7,0,12.88
"2021-02-02 23:40:00",1167,12.55,34.79,0.005,0.364,1.104,191,0,12.87
"2021-02-02 23:45:00",1168,12.4,35.2,0.003,0.359,1.384,126.2,0,12.87
"2021-02-02 23:50:00",1169,12.22,35.81,0.003,0.324,0.824,203.7,0,12.87
"2021-02-02 23:55:00",1170,12.05,36.52,0.003,0.265,0.973,159.1,0,12.87
"2021-02-03 00:00:00",1171,11.95,36.81,0.003,0.386,1.122,201.7,0,12.86
"2021-02-03 00:05:00",1172,11.84,37.16,0.003,0.511,1.016,210.1,0,12.92
"2021-02-03 00:10:00",1173,11.68,37.63,0.002,0.419,1.008,204.1,0,12.86
"2021-02-03 00:15:00",1174,11.53,38.06,0,0.398,1.051,182.3,0,12.86
"2021-02-03 00:20:00",1175,11.37,38.59,0.002,0.376,0.806,113.6,0,12.85
"2021-02-03 00:25:00",1176,11.24,39,0.002,0.461,1.122,161.8,0,12.85
"2021-02-03 00:30:00",1177,11.12,39.3,0.001,0.389,1.086,106,0,12.85
"2021-02-03 00:35:00",1178,11.02,39.47,0.001,0.551,1.463,81.2,0,12.85
"2021-02-03 00:40:00",1179,10.98,39.5,0.004,0.389,1.069,116.8,0,12.85
"2021-02-03 00:45:00",1180,10.92,39.61,0.001,0.428,1.095,114.6,0,12.84
"2021-02-03 00:50:00",1181,10.82,39.65,0.003,0.443,1.104,113.2,0,12.76
"2021-02-03 00:55:00",1182,10.72,39.82,0.002,0.52,1.367,107.7,0,12.84
"2021-02-03 01:00:00",1183,10.68,39.51,0.003,0.454,0.929,100.1,0,12.83
"2021-02-03 01:05:00",1184,10.77,38.81,0.005,0.553,1.428,133.9,0,12.83
"2021-02-03 01:10:00",1185,10.76,38.62,0.003,0.494,1.472,239.6,0,12.83
"2021-02-03 01:15:00",1186,10.73,38.67,0.001,0.562,1.288,30.37,0,12.83
"2021-02-03 01:20:00",1187,10.55,39.23,0.002,0.463,1.008,232,0,12.83
"2021-02-03 01:25:00",1188,10.34,39.88,0.003,0.496,1.306,143.4,0,12.89
"2021-02-03 01:30:00",1189,10.2,40.22,0.003,0.475,1.025,87.1,0,12.82
"2021-02-03 01:35:00",1190,10.06,40.6,0.002,0.437,1.235,8.29,0,12.82
"2021-02-03 01:40:00",1191,9.98,40.7,0,0.602,1.332,79,0,12.81
"2021-02-03 01:45:00",1192,9.93,40.87,0.001,0.343,0.929,68.2,0,12.81
"2021-02-03 01:50:00",1193,9.81,41.11,0.002,0.332,1.297,264.1,0,12.81
"2021-02-03 01:55:00",1194,9.71,41.4,0.002,0.447,1.043,140.6,0,12.8
"2021-02-03 02:00:00",1195,9.53,41.91,0.004,0.359,1.025,102.8,0,12.8
"2021-02-03 02:05:00",1196,9.43,42.05,0.002,0.361,1.104,124.2,0,12.8
"2021-02-03 02:10:00",1197,9.38,42.07,0.003,0.36,0.85,92.9,0,12.88
"2021-02-03 02:15:00",1198,9.3,42.2,0.001,0.379,0.85,104.6,0,12.8
"2021-02-03 02:20:00",1199,9.21,42.29,0,0.5,1.227,75.23,0,12.79
"2021-02-03 02:25:00",1200,9.17,42.32,0.002,0.434,1.411,119.2,0,12.79
"2021-02-03 02:30:00",1201,9.14,42.27,0.003,0.495,1.139,113.8,0,12.79
"2021-02-03 02:35:00",1202,9.1,42.46,0.002,0.463,1.183,189.5,0,12.79
"2021-02-03 02:40:00",1203,8.98,42.86,0.003,0.48,1.183,51.63,0,12.78
"2021-02-03 02:45:00",1204,8.92,43.02,0.001,0.419,1.244,78.44,0,12.71
"2021-02-03 02:50:00",1205,8.77,43.46,0.001,0.458,1.384,94.5,0,12.78
"2021-02-03 02:55:00",1206,8.61,43.94,0.001,0.534,1.411,112.2,0,12.77
"2021-02-03 03:00:00",1207,8.47,44.38,0.003,0.468,1.376,133.4,0,12.77
"2021-02-03 03:05:00",1208,8.33,44.86,0.001,0.357,1.209,51.95,0,12.77
"2021-02-03 03:10:00",1209,8.31,44.98,0,0.468,1.086,93,0,12.77
"2021-02-03 03:15:00",1210,8.38,44.74,0.002,0.472,1.306,151.4,0,12.77
"2021-02-03 03:20:00",1211,8.3,44.98,0.002,0.508,1.332,161.7,0,12.76
"2021-02-03 03:25:00",1212,8.18,45.3,0.002,0.406,1.174,106.8,0,12.76
"2021-02-03 03:30:00",1213,8.04,45.78,0,0.385,1.043,99.2,0,12.76
"2021-02-03 03:35:00",1214,7.944,45.98,0.003,0.387,1.069,105.7,0,12.76
"2021-02-03 03:40:00",1215,7.944,45.85,0.002,0.47,1.332,112.8,0,12.73
"2021-02-03 03:45:00",1216,7.912,45.87,0.003,0.415,1.016,72.99,0,12.75
"2021-02-03 03:50:00",1217,7.854,45.99,0.003,0.388,0.973,102.1,0,12.75
"2021-02-03 03:55:00",1218,7.803,46.01,0.003,0.436,1.122,96,0,12.75
"2021-02-03 04:00:00",1219,7.711,46.32,0.002,0.384,0.832,111.4,0,12.75
"2021-02-03 04:05:00",1220,7.585,46.7,0,0.376,0.894,118,0,12.66
"2021-02-03 04:10:00",1221,7.516,46.83,0.001,0.417,0.981,90.6,0,12.74
"2021-02-03 04:15:00",1222,7.433,47.12,-0.001,0.358,1.183,104,0,12.74
"2021-02-03 04:20:00",1223,7.342,47.49,0.001,0.254,0.815,91.2,0,12.74
"2021-02-03 04:25:00",1224,7.204,47.97,0.001,0.283,0.885,94,0,12.73
"2021-02-03 04:30:00",1225,7.176,48.05,0.002,0.4,0.999,116.6,0,12.73
"2021-02-03 04:35:00",1226,7.121,48.28,0.002,0.332,0.929,96.9,0,12.73
"2021-02-03 04:40:00",1227,7.081,48.49,0.003,0.417,1.086,90.5,0,12.73
"2021-02-03 04:45:00",1228,7.04,48.66,0.002,0.444,1.332,107,0,12.73
"2021-02-03 04:50:00",1229,6.937,49.03,0.002,0.285,0.85,100.4,0,12.72
"2021-02-03 04:55:00",1230,6.845,49.37,0.003,0.274,0.841,99.8,0,12.72
"2021-02-03 05:00:00",1231,6.712,49.81,0.003,0.272,0.657,96.4,0,12.72
"2021-02-03 05:05:00",1232,6.662,49.99,0.002,0.286,0.771,111.9,0,12.72
"2021-02-03 05:10:00",1233,6.559,50.39,0.003,0.365,1.086,101.5,0,12.71
"2021-02-03 05:15:00",1234,6.43,50.88,0.003,0.327,0.789,107.1,0,12.71
"2021-02-03 05:20:00",1235,6.331,51.24,0.003,0.372,0.981,104.9,0,12.71
"2021-02-03 05:25:00",1236,6.205,51.74,0.002,0.27,0.666,100.1,0,12.61
"2021-02-03 05:30:00",1237,6.07,52.23,0.003,0.24,0.683,117.9,0,12.7
"2021-02-03 05:35:00",1238,5.965,52.62,0.003,0.303,0.727,115.6,0,12.7
"2021-02-03 05:40:00",1239,5.91,52.93,0.002,0.295,0.938,95.8,0,12.7
"2021-02-03 05:45:00",1240,5.847,53.26,0.001,0.281,0.745,91.9,0,12.7
"2021-02-03 05:50:00",1241,5.783,53.55,0.001,0.29,0.911,106.1,0,12.7
"2021-02-03 05:55:00",1242,5.685,53.92,0.002,0.278,0.841,130.8,0,12.69
"2021-02-03 06:00:00",1243,5.595,54.32,0.002,0.237,0.622,95.4,0,12.69
"2021-02-03 06:05:00",1244,5.463,54.87,0.003,0.203,0.552,90.3,0,12.69
"2021-02-03 06:10:00",1245,5.347,55.29,0.003,0.279,0.824,99.2,0,12.68
"2021-02-03 06:15:00",1246,5.274,55.61,0.002,0.247,0.631,129.2,0,12.68
"2021-02-03 06:20:00",1247,5.226,55.86,0.001,0.283,0.859,105.2,0,12.68
"2021-02-03 06:25:00",1248,5.165,56.14,0.001,0.211,0.745,77.69,0,12.68
"2021-02-03 06:30:00",1249,-65.105,56.4,0.002,0.28,0.718,104.9,0,12.68
"2021-02-03 06:35:00",1250,5.034,56.67,0.002,0.269,0.613,116.9,0,12.67
"2021-02-03 06:40:00",1251,4.979,56.94,0.002,0.302,0.727,110.8,0,12.67
"2021-02-03 06:45:00",1252,4.951,57.22,0.003,0.291,0.648,91.1,0,12.73
"2021-02-03 06:50:00",1253,4.958,57.35,0.003,0.322,0.657,131.2,0,12.66
"2021-02-03 06:55:00",1254,4.978,57.43,0.003,0.346,1.122,114.4,0,12.66
"2021-02-03 07:00:00",1255,5.108,57.15,0.002,0.415,0.999,103.3,0,12.66
"2021-02-03 07:05:00",1256,5.246,56.81,0.001,0.457,0.999,102.2,0,12.66
"2021-02-03 07:10:00",1257,5.336,56.66,0.001,0.389,1.069,108.3,0,12.64
"2021-02-03 07:15:00",1258,5.366,56.61,0.002,0.37,0.832,106.5,0,12.65
"2021-02-03 07:20:00",1259,5.351,56.72,0.001,0.397,0.981,95.1,0,12.65
"2021-02-03 07:25:00",1260,5.37,56.73,0.001,0.343,0.815,110,0,12.65
"2021-02-03 07:30:00",1261,5.302,57,0.004,0.289,0.718,115.2,0,12.64
"2021-02-03 07:35:00",1262,5.25,57.2,0.001,0.31,0.666,106.7,0,12.64
"2021-02-03 07:40:00",1263,5.148,57.6,0.002,0.271,0.745,108.4,0,12.64
"2021-02-03 07:45:00",1264,5.05,58,0.005,0.322,0.771,96.5,0,12.63
"2021-02-03 07:50:00",1265,4.981,58.28,0.003,0.373,0.867,100.2,0,12.63
"2021-02-03 07:55:00",1266,4.929,58.43,0.002,0.385,0.797,99.6,0,12.63
"2021-02-03 08:00:00",1267,4.872,58.67,0.003,0.281,0.762,99.9,0,12.63
"2021-02-03 08:05:00",1268,4.829,58.83,0,0.309,0.64,100.9,0,12.69
"2021-02-03 08:10:00",1269,4.768,59.1,0.002,0.474,1.13,96.2,0,12.62
"2021-02-03 08:15:00",1270,4.755,59.22,0.002,0.379,0.955,101.4,0,12.62
"2021-02-03 08:20:00",1271,4.738,59.39,0.003,0.349,0.876,101.6,0,12.62
"2021-02-03 08:25:00",1272,4.696,59.61,0.002,0.306,0.85,106.1,0,12.61
"2021-02-03 08:30:00",1273,4.646,59.88,0.001,0.395,0.955,104.4,0,12.61
"2021-02-03 08:35:00",1274,4.641,60.05,0.002,0.339,0.876,100.6,0,12.61
"2021-02-03 08:40:00",1275,4.659,60.13,0.002,0.422,1.025,94,0,12.61
"2021-02-03 08:45:00",1276,4.709,60.12,0.004,0.487,1.113,90.3,0,12.61
"2021-02-03 08:50:00",1277,4.708,60.25,0.005,0.371,0.911,91.5,0,12.6
"2021-02-03 08:55:00",1278,4.756,60.17,0.003,0.474,1.262,98.2,0,12.6
"2021-02-03 09:00:00",1279,4.808,60.06,0.003,0.421,1.113,96.7,0,12.6
"2021-02-03 09:05:00",1280,4.844,60.03,0.003,0.475,1.148,96.2,0,12.6
"2021-02-03 09:10:00",1281,4.892,59.95,0.002,0.569,1.227,86.5,0,12.59
"2021-02-03 09:15:00",1282,4.976,59.77,0.003,0.518,1.446,85.5,0,12.59
"2021-02-03 09:20:00",1283,4.988,59.77,0.004,0.477,1.244,93.4,0,12.59
"2021-02-03 09:25:00",1284,5.06,59.51,0.001,0.474,1.192,89.4,0,12.63
"2021-02-03 09:30:00",1285,5.108,59.34,0.002,0.536,1.008,86.4,0,12.58
"2021-02-03 09:35:00",1286,5.156,59.24,0,0.468,1.113,81.4,0,12.58
"2021-02-03 09:40:00",1287,5.208,59.09,0.003,0.52,1.218,98.1,0,12.58
"2021-02-03 09:45:00",1288,5.259,59.03,0.002,0.625,1.638,84.9,0,12.58
"2021-02-03 09:50:00",1289,5.334,58.83,0.002,0.601,1.463,108.3,0,12.58
"2021-02-03 09:55:00",1290,5.323,-8.02,0.002,0.639,1.577,76.98,0,12.58
"2021-02-03 10:00:00",1291,5.351,59.07,0.004,0.633,1.691,94.1,0,12.57
"2021-02-03 10:05:00",1292,5.322,59.27,0.005,0.551,1.533,90.1,0,12.57
"2021-02-03 10:10:00",1293,5.245,59.68,0.003,0.507,1.218,87.9,0,12.56
"2021-02-03 10:15:00",1294,5.172,60.08,0.003,0.465,1.13,89.5,0,12.57
"2021-02-03 10:20:00",1295,5.081,60.57,0.003,0.473,1.419,97,0,12.56
"2021-02-03 10:25:00",1296,4.993,61.05,0.004,0.373,0.885,73.81,0,12.56
"2021-02-03 10:30:00",1297,4.947,61.39,0.004,0.431,1.174,74.98,0,12.56
"2021-02-03 10:35:00",1298,4.908,61.67,0.002,0.453,1.086,105.1,0,12.56
"2021-02-03 10:40:00",1299,4.904,61.88,0.002,0.509,1.095,80.5,0,12.56
"2021-02-03 10:45:00",1300,4.853,62.26,0.004,0.42,1.235,45.45,0,12.61
"2021-02-03 10:50:00",1301,4.796,62.64,0.003,0.487,1.139,124.1,0,12.56
"2021-02-03 10:55:00",1302,4.724,63.01,0.002,0.36,0.973,115.5,0,12.55
"2021-02-03 11:00:00",1303,4.651,63.34,0.003,0.54,1.262,161,0,12.56
"2021-02-03 11:05:00",1304,4.576,63.73,0.005,0.347,0.964,93.4,0,12.55
"2021-02-03 11:10:00",1305,4.552,63.98,0.001,0.376,1.008,73.85,0,12.55
"2021-02-03 11:15:00",1306,4.539,64.15,0.003,0.386,0.946,96,0,12.55
"2021-02-03 11:20:00",1307,4.479,64.5,0.002,0.448,0.955,90.4,0,12.55
"2021-02-03 11:25:00",1308,4.407,64.84,0.004,0.381,1.034,83.3,0,12.55
"2021-02-03 11:30:00",1309,4.277,65.4,0.002,0.329,0.876,126.3,0,12.54
"2021-02-03 11:35:00",1310,4.136,65.95,0.002,0.279,0.894,128.4,0,12.55
"2021-02-03 11:40:00",1311,4.011,66.41,0.004,0.313,1.113,101.7,0,12.54
"2021-02-03 11:45:00",1312,3.888,66.89,0.005,0.379,1.008,62.76,0,12.54
"2021-02-03 11:50:00",1313,3.75,67.5,0.008,0.283,1.043,104,0,12.54
"2021-02-03 11:55:00",1314,3.653,67.98,0.021,0.354,1.297,189.7,0,12.54
"2021-02-03 12:00:00",1315,3.508,68.61,0.058,0.353,1.095,127.8,0,12.54
"2021-02-03 12:05:00",1316,3.403,69.22,0.185,0.308,0.973,93,0,12.45
"2021-02-03 12:10:00",1317,3.343,69.6,0.749,0.276,0.718,111.4,0,12.54
"2021-02-03 12:15:00",1318,3.322,69.85,3.095,0.378,1.183,116.3,0,12.54
"2021-02-03 12:20:00",1319,3.297,70.05,6.067,0.412,0.955,150.1,0,12.54
"2021-02-03 12:25:00",1320,3.233,70.47,5.309,0.465,0.973,115.2,0,12.54
"2021-02-03 12:30:00",1321,3.243,70.56,6.653,0.37,1.174,121.9,0,12.54
"2021-02-03 12:35:00",1322,3.269,70.67,16.02,0.452,1.165,100.6,0,12.56
"2021-02-03 12:40:00",1323,3.449,70.18,31.63,0.417,1.139,115.7,0,12.59
"2021-02-03 12:45:00",1324,3.63,69.58,48.77,0.352,1.139,103.1,0,12.63
"2021-02-03 12:50:00",1325,3.689,69.45,58,0.413,1.06,100.6,0,12.65
"2021-02-03 12:55:00",1326,3.744,69.47,70.1,0.289,0.894,91.4,0,12.64
"2021-02-03 13:00:00",1327,3.838,69.34,60.83,0.409,1.122,101,0,12.64
"2021-02-03 13:05:00",1328,3.956,69.14,109.6,0.355,0.955,162.3,0,12.83
"2021-02-03 13:10:00",1329,4.174,68.66,137.1,0.476,1.472,125.4,0,12.87
"2021-02-03 13:15:00",1330,4.322,68.46,112.1,0.391,1.104,69.33,0,12.84
"2021-02-03 13:20:00",1331,4.428,68.54,95.5,0.591,1.174,231.2,0,12.82
"2021-02-03 13:25:00",1332,4.471,68.71,112.3,0.5,1.306,229.5,0,12.93
"2021-02-03 13:30:00",1333,4.539,69,139,0.526,1.218,236.2,0,12.95
"2021-02-03 13:35:00",1334,4.678,68.88,195.3,0.477,1.174,220.1,0,13.14
"2021-02-03 13:40:00",1335,4.829,68.66,220.2,0.439,1.419,207.5,0,13.27
"2021-02-03 13:45:00",1336,4.922,68.59,206.3,0.551,1.306,206.6,0,13.24
"2021-02-03 13:50:00",1337,5.033,68.72,204.2,0.557,1.358,221.5,0,13.25
"2021-02-03 13:55:00",1338,5.144,68.9,203.4,0.484,1.043,230.4,0,13.27
"2021-02-03 14:00:00",1339,5.283,68.88,201.5,0.537,1.358,238.8,0,13.26
"2021-02-03 14:05:00",1340,5.393,68.86,208.1,0.636,1.586,252.7,0,13.27
"2021-02-03 14:10:00",1341,5.513,68.7,201,0.735,1.84,207.3,0,13.27
"2021-02-03 14:15:00",1342,5.603,68.69,201.6,0.619,1.56,233.8,0,13.29
"2021-02-03 14:20:00",1343,5.746,68.77,202.7,0.406,1.095,277.8,0,13.31
"2021-02-03 14:25:00",1344,5.904,68.58,233.6,0.559,1.2,263.7,0,13.41
"2021-02-03 14:30:00",1345,6.084,68.37,286.7,0.503,1.279,291.6,0,13.53
"2021-02-03 14:35:00",1346,6.263,68.05,304.5,0.573,1.49,252.5,0,13.58
"2021-02-03 14:40:00",1347,6.502,67.91,315.3,0.496,1.086,126,0,13.61
"2021-02-03 14:45:00",1348,6.74,67.63,336.5,0.538,2.217,336.3,0,13.71
"2021-02-03 14:50:00",1349,6.944,67.17,327.6,0.62,1.796,235.3,0,13.68
"2021-02-03 14:55:00",1350,7.202,66.97,1862.1,0.673,1.647,268.1,0,13.8
"2021-02-03 15:00:00",1351,7.532,65.9,403,0.599,1.665,253.1,0,13.93
"2021-02-03 15:05:00",1352,7.75,65.38,485.2,0.683,1.831,257.4,0,13.88
"2021-02-03 15:10:00",1353,7.959,64.66,527.9,0.632,1.63,138.4,0,13.81
"2021-02-03 15:15:00",1354,8.49,63.43,542.3,0.428,1.884,322,0,13.81
"2021-02-03 15:20:00",1355,8.8,62,530.6,0.653,1.761,290.1,0,13.79
"2021-02-03 15:25:00",1356,8.74,62.23,525,0.747,1.84,250.8,0,13.79
"2021-02-03 15:30:00",1357,8.85,61.84,552.3,0.601,1.7,286.8,0,13.79
"2021-02-03 15:35:00",1358,9.11,61.53,545.5,0.644,1.586,294.8,0,13.76
"2021-02-03 15:40:00",1359,9.46,60.33,544.7,0.724,2.497,308.3,0,13.76
"2021-02-03 15:45:00",1360,9.69,59.49,549.2,0.687,2.006,277.2,0,13.73
"2021-02-03 15:50:00",1361,9.76,59.46,593.3,0.731,1.638,332.8,0,13.73
"2021-02-03 15:55:00",1362,10.09,58.59,604.3,0.65,1.726,271.3,0,13.73
"2021-02-03 16:00:00",1363,10.3,57.82,622.7,0.79,2.357,229.1,0,13.76
"2021-02-03 16:05:00",1364,10.56,57.36,631.4,0.582,1.805,309.5,0,13.82
"2021-02-03 16:10:00",1365,10.84,56.37,639.6,0.654,1.752,247.1,0,13.76
"2021-02-03 16:15:00",1366,11.07,55.83,645.9,0.647,1.682,317.8,0,13.73
"2021-02-03 16:20:00",1367,11.21,55.81,651.7,0.698,1.849,237.7,0,13.7
"2021-02-03 16:25:00",1368,11.77,53.87,660.5,0.711,1.542,243.7,0,13.7
"2021-02-03 16:30:00",1369,11.69,53.65,664.3,0.795,1.849,293.3,0,13.7
"2021-02-03 16:35:00",1370,11.83,53.48,670.1,0.789,1.866,226.1,0,13.69
"2021-02-03 16:40:00",1371,11.85,53.42,645.9,0.91,2.252,221.5,0,13.7
"2021-02-03 16:45:00",1372,12.02,53.15,664.3,0.687,1.498,216.2,0,13.7
"2021-02-03 16:50:00",1373,11.77,53.4,686.9,1.047,2.567,206.3,0,13.7
"2021-02-03 16:55:00",1374,11.87,53.5,689.2,1.115,2.383,205.6,0,13.68
"2021-02-03 17:00:00",1375,12.21,52.69,684.2,0.898,2.138,237.7,0,13.68
"2021-02-03 17:05:00",1376,12.5,52.27,721.5,0.59,2.042,277.4,0,13.67
"2021-02-03 17:10:00",1377,12.82,51.29,731.1,0.632,1.56,234.8,0,13.68
"2021-02-03 17:15:00",1378,13.08,50.66,692.4,0.54,1.332,284.6,0,13.68
"2021-02-03 17:20:00",1379,13.25,50.19,597.9,0.662,1.463,242.2,0,13.68
"2021-02-03 17:25:00",1380,13.38,49.74,535.6,0.751,2.392,238.6,0,13.58
"2021-02-03 17:30:00",1381,13.01,49.9,551.2,0.973,2.471,241.5,0,13.65
"2021-02-03 17:35:00",1382,13.38,49.79,627,0.695,1.498,268.6,0,13.65
"2021-02-03 17:40:00",1383,13.55,49.38,613.2,0.639,2.129,298,0,13.65
"2021-02-03 17:45:00",1384,13.72,49.06,575.6,0.503,1.297,290.5,0,13.65
"2021-02-03 17:50:00",1385,13.77,48.97,511.9,0.774,2.138,31.11,0,13.65
"2021-02-03 17:55:00",1386,13.81,48.77,610.6,0.739,1.735,292.5,0,13.62
"2021-02-03 18:00:00",1387,13.93,48.84,593.4,0.781,1.525,234.5,0,13.62
"2021-02-03 18:05:00",1388,14.05,49.22,587.4,0.681,1.831,284.5,0,13.65
"2021-02-03 18:10:00",1389,14.23,49.35,620.8,0.636,1.533,292.2,0,13.65
"2021-02-03 18:15:00",1390,14.42,48.86,600,0.642,1.875,233,0,13.68
"2021-02-03 18:20:00",1391,14.36,49.39,638.1,0.812,2.699,250.2,0,13.68
"2021-02-03 18:25:00",1392,14.75,48.65,612.5,0.585,1.577,289.7,0,13.68
"2021-02-03 18:30:00",1393,14.84,48.6,605,0.647,1.533,271.9,0,13.68
"2021-02-03 18:35:00",1394,14.77,48.97,569.1,0.848,2.278,227.7,0,13.68
"2021-02-03 18:40:00",1395,14.94,49.13,500.9,0.556,1.586,312.4,0,13.68
"2021-02-03 18:45:00",1396,14.88,49.18,547.1,1.142,2.366,233.9,0,13.64
"2021-02-03 18:50:00",1397,14.88,49.67,438.6,0.91,2.488,157.2,0,13.65
"2021-02-03 18:55:00",1398,15.16,49.25,370.8,0.667,1.866,332.8,0,13.65
"2021-02-03 19:00:00",1399,15.32,49.09,363.3,0.608,1.446,268.3,0,13.63
"2021-02-03 19:05:00",1400,15.49,47.35,367.3,1.059,2.042,239.8,0,13.63
"2021-02-03 19:10:00",1401,15.65,47.23,431.2,0.849,1.674,257.6,0,13.62
"2021-02-03 19:15:00",1402,15.79,46.99,528.6,1.146,2.199,253.9,0,13.62
"2021-02-03 19:20:00",1403,15.84,47.56,487.2,1.03,2.707,235.8,0,13.63
"2021-02-03 19:25:00",1404,15.97,47.8,466,1,2.103,222.3,0,13.63
"2021-02-03 19:30:00",1405,16.14,47.59,555.4,0.971,2.629,257.4,0,13.63
"2021-02-03 19:35:00",1406,16.39,47.29,527.5,1.052,2.217,248.8,0,13.66
"2021-02-03 19:40:00",1407,16.51,47.12,480.1,1.179,2.629,219.4,0,13.66
"2021-02-03 19:45:00",1408,16.55,47.53,487.4,1.153,2.392,222.8,0,13.66
"2021-02-03 19:50:00",1409,16.56,47.97,428.8,0.877,2.129,213,0,13.66
"2021-02-03 19:55:00",1410,16.92,47.38,416.1,0.616,2.19,257.2,0,13.66
"2021-02-03 20:00:00",1411,16.93,47.33,444,1.218,2.462,237.3,0,13.63
"2021-02-03 20:05:00",1412,16.93,47.78,443,0.851,2.068,225.2,0,13.63
"2021-02-03 20:10:00",1413,17.15,47.55,402.6,1.041,2.339,236.8,0,13.53
"2021-02-03 20:15:00",1414,17.31,47.25,340,0.764,2.147,307.3,0,13.66
"2021-02-03 20:20:00",1415,17.41,46.47,329.3,0.808,2.637,254.6,0,13.66
"2021-02-03 20:25:00",1416,17.54,46.32,385.8,0.772,2.077,212.5,0,13.63
"2021-02-03 20:30:00",1417,17.93,44.54,406.8,1.009,2.795,216.7,0,13.62
"2021-02-03 20:35:00",1418,17.93,43.63,332.6,1.132,2.348,229.7,0,13.52
"2021-02-03 20:40:00",1419,17.82,44.35,316.5,1.341,2.97,218.4,0,13.4
"2021-02-03 20:45:00",1420,17.69,44.89,299.8,1.179,2.558,229,0,13.45
"2021-02-03 20:50:00",1421,17.67,45.51,305.9,1.134,2.182,229.9,0,13.41
"2021-02-03 20:55:00",1422,17.8,45.6,330,0.94,1.928,246.4,0,13.38
"2021-02-03 21:00:00",1423,17.79,45.84,281.6,1.14,2.664,219.6,0,13.3
"2021-02-03 21:05:00",1424,17.66,46.46,250.5,1.279,2.655,227.4,0,13.26
"2021-02-03 21:10:00",1425,17.62,46.97,252.4,0.896,2.252,245.2,0,13.25
"2021-02-03 21:15:00",1426,17.68,47.09,286.2,1.139,2.594,239.2,0,13.22
"2021-02-03 21:20:00",1427,17.67,47.48,162.5,0.942,2.558,243.3,0,13.15
"2021-02-03 21:25:00",1428,17.7,47.55,124.1,0.816,2.129,262.2,0,13.12
"2021-02-03 21:30:00",1429,17.64,48.05,108.4,0.804,1.77,310.4,0,13.1
"2021-02-03 21:35:00",1430,17.61,48.6,109.1,0.817,2.226,239.5,0,13.08
"2021-02-03 22:35:00",1442,17.34,50.84,21.44,0.592,1.533,262.8,0,12.95
"2021-02-03 22:40:00",1443,17.3,51.05,19.52,0.437,1.376,270.2,0,12.95
"2021-02-03 22:45:00",1444,17.24,51.4,15.79,0.506,1.411,265.2,0,12.94
"2021-02-03 22:50:00",1445,17.12,51.95,12.8,0.402,1.13,20.69,0,12.93
"2021-02-03 22:55:00",1446,16.98,52.53,8.25,0.432,1.323,23.52,0,12.93
"2021-02-03 23:00:00",1447,16.84,53.12,3.856,0.468,1.06,356.7,0,12.93
"2021-02-03 23:05:00",1448,16.72,53.62,2.482,0.597,1.612,142.3,0,12.92
"2021-02-03 23:10:00",1449,16.6,54.09,2.082,0.51,1.674,227.8,0,12.92
"2021-02-03 23:15:00",1450,16.49,54.43,2.269,0.579,1.349,222.6,0,12.92
"2021-02-03 23:20:00",1451,16.39,54.63,0.604,0.774,1.884,228.4,0,12.82
"2021-02-03 23:25:00",1452,16.39,54.47,0.116,0.779,1.805,246.8,0,12.89
"2021-02-03 23:30:00",1453,16.3,54.65,0.031,0.636,1.551,262,0,12.91
"2021-02-03 23:35:00",1454,16.22,54.76,0.013,0.738,2.217,257.2,0,12.91
"2021-02-03 23:40:00",1455,16.25,54.58,0.006,0.72,1.665,235.6,0,12.9
"2021-02-03 23:45:00",1456,16.32,54.42,0.004,0.724,1.682,237.2,0,12.9
"2021-02-03 23:50:00",1457,16.27,54.59,0.001,0.653,1.393,252.3,0,12.9
"2021-02-03 23:55:00",1458,16.2,54.91,0.003,0.641,1.735,255,0,12.9
